673 10
797 10
7659 100
623 10
93 5
4079 100
159 2
433 5
871 10
307 10
85 2
543 10
192 5
899 10
457 10
491 10
77 1
7 2
993 10
663 10
981 10
127 10
35 2
467 10
181 2
152 5
3479 100
817 10
238 5
119 10
293 10
61 2
471 5
8159 100
519 10
919 10
9 5
753 10
189 2
16 5
601 10
339 10
819 100
881 10
239 5
261 10
177 2
831 10
511 10
4 1
399 5
242 5
332 5
713 10
331 10
7959 100
213 10
759 10
32 5
529 10
569 10
747 10
571 10
67 5
607 10
269 5
991 10
42 1
379 5
52 5
3879 100
81 1
329 5
314 5
249 5
277 5
346 5
57 2
37 10
71 10
779 10
6 1
971 10
819 10
499 10
281 10
7559 100
411 10
823 10
362 5
789 10
949 10
27 1
31 10
63 5
423 5
89 5
7709 100
18 5
38 5
219 10
4029 100
474 5
212 5
719 10
72 1
573 10
893 10
969 100
64 1
8059 100
208 5
98 1
9 2
147 10
21 10
117 2
429 5
581 10
78 5
157 5
17 5
496 5
371 10
481 10
376 5
313 5
456 5
843 10
246 5
329 10
117 5
256 5
186 5
43 2
137 10
133 2
143 5
394 5
19 1
278 5
527 10
20 1
61 10
951 10
244 5
103 5
181 10
89 10
157 2
541 10
65 1
115 2
14 5
13 5
94 1
253 10
73 2
447 5
50 1
81 10
873 10
911 10
161 10
509 10
33 1
264 5
7859 100
6459 100
452 5
67 1
342 5
767 10
389 10
471 10
83 1
7459 100
74 1
449 10
129 2
497 5
109 2
101 2
419 5
941 10
99 10
733 10
257 5
837 10
66 1
3429 100
299 5
531 10
931 10
193 10
259 10
429 10
79 5
8009 100
34 5
